17
39 5
39 4
39 3
39 2
38 2
37 2
36 2
35 2
34 2
33 2
32 2
31 2
30 2
29 2
28 2
27 2
26 2
2
0
72 22
3
150
230
Sun May 19 23:19:25 2024

0
9 16 









4 21 
4 21 
4 21 
4 21 
4 21 
4 21 
4 21 
4 21 
4 21 
4 21 
4 21 
4 21 
4 21 
4 21 
4 21 
4 21 
4 21 
4 21 
4 21 
4 21 
4 21 
4 21 
4 21 
4 21 
4 21 
4 21 
4 5 6 7 8 9 16 17 18 19 20 21 
4 5 6 7 8 9 16 17 18 19 20 21 











4 5 6 7 8 9 16 17 18 19 20 21 
4 5 6 7 8 9 16 17 18 19 20 21 
4 21 
4 21 
4 21 
4 21 
4 21 
4 21 
4 21 
4 21 
4 21 
4 21 
4 21 
4 21 
4 21 
4 21 
4 21 
4 21 
4 21 
4 21 
4 21 
4 21 
4 21 
4 21 
4 21 
4 21 
4 21 
4 21 








9 16 
2
4
0
4
11 10
11 11
11 12
11 13
0
2
0
1
11 5
11 20
1
11 9
0
4
75 12
75 13
75 14
75 15
0
1
0
1
75 5
75 20
1
75 16
0
4
43 7
43 8
43 9
43 10
0
1
0
1
43 0
43 12
1
43 11
0
4
43 15
43 16
43 17
43 18
0
2
0
1
43 13
43 25
1
43 14
2
6
0 10
85 10
0 11
85 11
0 12
85 12
0 13
85 13
0 14
85 14
0 15
85 15
0
