17
25 2
24 2
23 2
22 2
21 2
20 2
19 2
18 2
17 2
16 2
15 2
14 2
13 2
12 2
11 2
10 2
9 2
4
0
34 18
3
150
230
Thu May 23 20:11:58 2024

0
9 16 









4 21 
4 21 
4 21 
4 21 
4 21 
4 21 
4 21 
4 21 
4 21 
4 21 
4 21 
4 21 
4 21 
4 21 
4 21 
4 21 
4 21 
4 21 
4 21 
4 21 
4 21 
4 21 
4 21 
4 21 
4 21 
4 21 
4 5 6 7 8 9 16 17 18 19 20 21 
4 5 6 7 8 9 16 17 18 19 20 21 











4 5 6 7 8 9 16 17 18 19 20 21 
4 5 6 7 8 9 16 17 18 19 20 21 
4 21 
4 21 
4 21 
4 21 
4 21 
4 21 
4 21 
4 21 
4 21 
4 21 
4 21 
4 21 
4 21 
4 21 
4 21 
4 21 
4 21 
4 21 
4 21 
4 21 
4 21 
4 21 
4 21 
4 21 
4 21 
4 21 








9 16 
1
4
0
4
11 8
11 9
11 10
11 11
0
1
0
1
11 5
11 20
1
11 12
0
4
75 14
75 15
75 16
75 17
0
2
0
1
75 5
75 20
1
75 13
0
4
43 3
43 4
43 5
43 6
0
2
0
1
43 0
43 12
1
43 2
0
4
43 19
43 20
43 21
43 22
0
1
0
1
43 13
43 25
1
43 23
3
6
0 10
85 10
0 11
85 11
0 12
85 12
0 13
85 13
0 14
85 14
0 15
85 15
0
