19
11 2
12 2
13 2
14 2
15 2
16 2
17 2
18 2
19 2
20 2
21 2
22 2
23 2
24 2
25 2
26 2
27 2
28 2
29 2
3
0
23 13
3
170
230
Sun May 19 14:13:40 2024
0
9 16 









4 21 
4 21 
4 21 
4 21 
4 21 
4 21 
4 21 
4 21 
4 21 
4 21 
4 21 
4 21 
4 21 
4 21 
4 21 
4 21 
4 21 
4 21 
4 21 
4 21 
4 21 
4 21 
4 21 
4 21 
4 21 
4 21 
4 5 6 7 8 9 16 17 18 19 20 21 
4 5 6 7 8 9 16 17 18 19 20 21 











4 5 6 7 8 9 16 17 18 19 20 21 
4 5 6 7 8 9 16 17 18 19 20 21 
4 21 
4 21 
4 21 
4 21 
4 21 
4 21 
4 21 
4 21 
4 21 
4 21 
4 21 
4 21 
4 21 
4 21 
4 21 
4 21 
4 21 
4 21 
4 21 
4 21 
4 21 
4 21 
4 21 
4 21 
4 21 
4 21 








9 16 
1
4
0
4
11 16
11 17
11 18
11 19
0
1
0
1
11 5
11 20
1
11 20
0
4
75 6
75 7
75 8
75 9
0
2
0
1
75 5
75 20
1
75 5
0
4
43 1
43 2
43 3
43 4
0
2
0
1
43 0
43 12
1
43 0
0
4
43 21
43 22
43 23
43 24
0
1
0
1
43 13
43 25
1
43 25
3
6
0 10
85 10
0 11
85 11
0 12
85 12
0 13
85 13
0 14
85 14
0 15
85 15
0
