25
51 18
51 19
51 20
50 20
49 20
48 20
47 20
46 20
45 20
44 20
43 20
42 20
41 20
40 20
39 20
38 20
37 20
36 20
35 20
34 20
33 20
32 20
31 20
30 20
29 20
1
0
3 6
4
230
310
Sun May 19 23:27:02 2024

0






















































































0
1
1
18
44 10
45 10
48 10
46 11
47 11
45 12
46 12
47 12
48 12
45 13
46 13
47 13
48 13
46 14
47 14
44 15
45 15
48 15
0
3
2
19 10
62 10
3
19 0
23 25
62 0
66 25
0 10
85 15
10
46 10
49 10
49 10
48 11
49 12
49 13
48 14
49 15
49 15
46 15
2
0
0
